2023 01 08 Weight: 202.4
2023 01 09 Weight: 200.9
2023 01 10 Weight: 201.0
2023 01 12 Weight: 201.0
2023 01 13 Weight: 199.4
2023 01 14 Weight: 200.3 @ 10:43PM
2023 01 16 Weight: 200.1
2023 01 18 Weight: 198.7
2023 01 20 Weight: 197.9
2023 01 21 Weight: 198.3
2023 01 23 Weight: 197.1
2023 01 24 Weight: 197.3
2023 01 25 Weight: 196.5
2023 01 27 Weight: 195.5
2023 01 28 Weight: 194.4
2023 01 29 Weight: 193.9
2023 01 30 Weight: 194.3
2023 01 31 Weight: 193.3 (8:35pm)
2023 02 01 Weight: 192.4 
2023 02 01 Weight: 191.7 (2259)
2023 02 02 Weight: 191.6 (0403) 
2023 02 03 Weight: 189.8 (0735)
2023 02 04 Weight: 191.7 (Huh?  What happened?)
2023 02 05 Weight: 188.0 (0842) before breakfast
2023 02 06 Weight: 189.5
2023 02 07 Weight: 187.0 (2309)
2023 02 08 Weight: 185.5 (0416)
2023 02 09 Weight: 186.1 (0307)
2023 02 10 Weight: 185.6 (8+ hour fast helps here)
2023 02 11 Weight: 184.1
2023 02 12 Weight: 184.0 
2023 02 13 Weight: 184.2 (0415)
2023 02 14 Weight: 183.7 (Finally, crossed 184)
2023 02 15 Weight: 181.8 (2130)
2023 02 16 Weight: 180.7 (0611)
2023 02 17 Weight: 180.7 (0529)
2023 02 18 Weight: 179.9 (0725)
2023 02 19 Weight: 179.2 (0910)
2023 02 20 Weight: 178.5 (0805)
2023 02 21 Weight: 177.7 (0514)
2023 02 22 Weight: 176.7 (0243)
2023 02 23 Weight: 176.4 (0732)
2023 02 24 Weight: 176.5 (0900)
2023 02 25 Weight: 174.4 (0740)
2023 02 26 Weight: 174.4 (0855)
2023 02 27 Weight: 173.3 (0706)
2023 02 28 Weight: 172.7 (0844)
2023 03 01 Weight: 172.0 (0449)
2023 03 02 Weight: 171.6 (0408)
2023 03 03 Weight: 170.0 (0442)
2023 03 04 weight: 169.7 (0447)
2023 03 05 Weight: 169.2 (0451)
2023 03 06 Weight: 169.0 (0802)
2023 03 07 Weight: 169.1 (1500)
2023 03 08 Weight: 168.2 (0505)
2023 03 09 Weight: 166.5 (0720, post-poop)
2023 03 10 Weight: 167.2 (0730)
2023 03 11 Weight: 166.7 (0913)
